time,obj_val_gd
0.011686,965402.137361
1.090249,223161.142732
2.144733,155710.269208
3.197245,152035.11866
4.253215,151360.563277
5.305391,151027.836252
6.365437,150796.817444
7.422268,150621.514446
8.481155,150482.45325
9.533717,150368.42252
10.581256,150272.540109
11.630275,150190.40053
12.683621,150119.060242
13.743632,150056.375813
14.79472,150000.661054
15.852442,149950.623969
16.916169,149905.37546
17.988986,149864.222422
19.066935,149826.577026
20.149933,149791.996729
21.237375,149760.116141
22.320955,149730.648118
23.405202,149703.244584
24.488817,149677.682856
25.566925,149653.808784
26.645729,149631.423304
27.72587,149610.378827
28.816435,149590.550109
29.895939,149571.809629
30.983611,149554.089922
32.075624,149537.278157
33.162097,149521.293543
34.247336,149506.074087
35.339619,149491.557107
36.428412,149477.706054
37.521351,149464.473478
38.612269,149451.81128
39.711456,149439.67185
40.804085,149428.027961
41.89307,149416.83663
42.982638,149406.087296
44.069158,149395.738517
45.156797,149385.756749
46.240642,149376.123276
47.326424,149366.815652
48.412334,149357.821663
49.497229,149349.120402
50.590065,149340.701076
51.681922,149332.544624
52.769102,149324.645106
53.857972,149316.98196
54.944726,149309.543575
56.03588,149302.319266
57.119634,149295.30288
58.224221,149288.489975
59.328645,149281.870115
60.410842,149275.432796
61.491405,149269.171267
62.575928,149263.080845
63.655858,149257.143192
64.742005,149251.354439
65.825813,149245.70903
66.90853,149240.203267
67.999487,149234.830394
69.090242,149229.586096
70.189169,149224.460246
71.284366,149219.451876
72.380291,149214.557238
73.479433,149209.770031
74.578834,149205.089453
75.674215,149200.508724
76.768811,149196.025264
77.870745,149191.634707
78.961558,149187.334052
80.048473,149183.119763
81.142175,149178.988332
82.233409,149174.937382
83.324265,149170.965991
84.417049,149167.071152
85.510114,149163.255321
86.599885,149159.511265
87.704422,149155.835685
88.808065,149152.230088
89.907966,149148.690741
91.010768,149145.218479
92.109869,149141.807923
93.207613,149138.45512
94.307942,149135.16046
95.40097,149131.920924
96.499692,149128.73731
97.595999,149125.607922
98.687898,149122.531792
99.783619,149119.507665
100.882631,149116.5344
101.980929,149113.607753
103.081413,149110.726183
104.1767,149107.889507
105.280102,149105.095477
106.382698,149102.345431
107.48638,149099.636823
