time,obj_val_scd
0.099889,1156539.56125
1.624861,221836.947283
3.193947,207855.574151
4.819461,234134.245843
6.440493,223143.228588
8.04689,214395.326669
9.653376,203257.798234
11.278022,196232.60865
12.904944,195851.416508
14.483685,252624.944608
16.070693,191191.849031
17.623487,186861.028838
19.170853,203538.90994
20.689825,198758.80912
22.213144,187149.739595
23.69252,195929.663145
25.166853,200046.322879
26.622448,220349.94179
28.059538,186899.808819
29.489082,195267.515243
30.880461,179884.541914
32.273844,183985.438712
33.645289,178269.383766
35.025711,178063.513462
36.379535,177517.146875
37.710499,179944.369373
39.052942,182004.187999
40.349172,176829.484395
41.638809,180908.067712
42.925203,187200.122715
44.215383,179181.74937
45.484782,176209.191444
46.735462,176570.767436
47.991822,175921.806042
49.233943,179938.632765
50.479214,180021.318401
51.723257,175633.818018
52.959709,176337.167986
54.172734,176004.110121
55.36781,176173.335796
56.573652,176295.309679
57.77764,175592.43584
58.958463,176593.787449
60.133984,175843.081241
61.311027,180439.365914
62.482329,188072.457836
63.652874,178156.842531
64.821185,175530.48868
66.068001,175479.309653
67.232062,175614.581349
68.410959,175720.607453
69.557102,175906.508533
70.727384,177320.790465
71.865812,175610.852903
73.003952,175209.282624
74.133958,179598.968005
75.25893,178855.26039
76.382661,175589.183684
77.526943,175158.223324
78.660841,176393.213967
79.790245,175170.807395
80.9155,175360.827559
82.033516,175246.673496
83.175869,175621.554623
84.284742,175702.85635
85.390934,175156.959835
86.501808,175329.45928
87.611267,176718.663263
88.723776,175590.084888
89.823145,174999.106254
90.921967,176202.847925
92.01434,176115.811967
93.111095,175051.478394
94.210958,175260.299758
95.310377,175095.081864
96.414862,175519.751657
97.522783,175474.691886
98.622675,175187.969109
99.726563,175801.895461
100.846043,175046.203819
101.941821,175085.577
103.038558,174979.099285
104.142469,174974.285204
105.23794,175081.84606
106.323087,175764.977714
107.411443,175694.396037
108.493905,175681.452936
109.572099,175402.265819
110.65805,175038.648581
111.730288,175227.847559
112.794833,175864.457689
113.871047,175037.393345
114.957095,175013.427299
116.043656,175349.730965
117.135423,175121.672748
118.220966,175019.12865
119.298013,174950.389763
120.379641,175222.925858
121.464779,175216.639745
122.566593,175064.465601
